3
99
347
8
2
129
5650
56
207
239
576
12
206
457
534
1325
368
3621
378
11188
2433
733
124
1237
303
742
54
3887
37
369
8413
473
194
557
10677
101
283
617
1766
451
10420
18
2689
1317
16148
191
680
4409
359
1287
5774
28
4179
43
13833
9816
66
4407
472
1321
17793
602
1380
1689
528
60
7933
224
7048
373
358
426
73
431
281836
1970
516
4378
1626
5818
12142
4606
1214
1356
325
160
274
269694
48
4327
7237
4923
701
7143
1285
108
10259
1886
3642
106

604
251
1355
539
244479
39
1887
2455
169
616
1236
1048
4612
16567
2904
1606
15983
1918
548
4036
3895
3206
2745
834
4807
18989
312
18910
6731
5620
4167
8004
13610
3801
2099
50
762
4085
9135
8447
13121
2417
738
880
15850
4461
734
4373
10502
12923
7061
771
24
6806
2588
225
13505
4823
366713
11528
4905
4482
9856
7596
2558
2210
2252
7479
2163
533
4163
7251
5431
9166
10810
280
4256
7637
9595
9391
8998
13596
15576
2480
4564
5701
1430
12912
211205
412
3017
133
3635
5708
3417
204
6162
626
3306
3305
88
12567
6622
2134
12021
234616
7097
828
20270
2586
6546
243300
5283
302
20919
1407
1401
2458
1315
1137
12480
1996
443
13089
1657
1471
276
311
702
6227
10351
2802
3966
3115
4434
5543
24235
3872
7438
8555
3863
125
247143
758919
5179
335872
2923
321969
230147
12573
398355
780900
12613
20910
307834
233147
322839
7288
17
681
34
2007
2526
403619
6841
14351
6878
262938
343261
1841
1
7620
221578
20442
7418
18570
1134
18085
20384
243719
7732
13495
537227
412772
1020
8152
385955
874542
262450
5860
862100
16085
20111
253127
6143
6373
415248
212722
114
4282

6596
447233
4483
3854
409781
6023
894402
950760
190218
309857
8685
13875
11510
436577
139
249332
7258
18586
211693
302556
3095
1049801
17114
8942
639787
403020
23441
15776
426045
315256
8446
577
311933
4895
283144
537378
59
13874
236581
19105
250874
263574
270684
214447
16405
11124
210628
508049
459311
337090
315653
513499
264700
16098
3362
81
18069
283056
284063
237884
350911
248216
402888
13659
295781
5494
226538
381068
218952
14364
16183
339515
4294
1668
7941
245124
395346
4753
3430
323251
10996
274138
239748
193826
16831
6111
211832
20147
12626
310124
296
557773
784003
1786
409573
1725
406863
3346
202681
20176
499956
472896
326040
254512
397971
2211
408746
521663
193
12144
278406
305843
7963
278239
294226
354795
249958
652493
398688
20805
248111
4790
260
3882
478906

18723
3237
421661
235510
1303
913
7657
2420
516028
379750
4528
5328
2736
4567
12738
12309
8106
292506
1180
285998
282672
1864
328041
5557
227886
309242
12256
880094
281676
13640
1082
412843
2112
3174
340986
4914
18407
391793
1628
15549
13983
13077
2341
9933
263333
320215
18763
7715
8481
922
75
448502
282172
211769
397392
20286
266782
309043
57
3372
193158
330807
378275
401049
285462
245017
396484
296687
7960
345284
265506
1992
11244
395748
142
299853
268455
407704
514785
382803
243139
471228
323070
6394
195960
419741
417063
7464
21773
376177
725
2201
10174
307128
192373
189781
248172
406921
478308
237973
16522
6946
8476
456735
301144
2441
4013
20596
276562
17940
308410
318864
444929
230238
18224
15838
368021
520108
6591
213144
838
706
500144
350139
473065
284679
5486
1230
403517
5062
4973
211756
348814
9307
16333
12938
446697
20701
531162
497018
13803
199989
326677
10178
196040
5694
301340
12152
400486
8109
332502
337018
13086
976
1015455
3776
803
9218
402700
277952
466111
379579
354220
452094
195091
15211
239533
435716
2982
314233
527313
449539
3046
645771
308536
423036
341506
342085
196351
217780
242870
10857
330083
3973
397815
432209
377
318589
420540
3391
328757
395131
13418
401327
2266
425967
428428
501087
13893
754
243818
14601
375028
420657
379089
5713
394357
265108
188352
273442
4375
1349
422233
977233
734400
895991
3827
12048
656051
603153
17571
429
594478
273708
256931
899180
444067
286046
19129
2329
385424
12921
211186
211159
23039
284324
852086
758860
3609
351598
422910
235128
343855
886870
17672
9451
406283
459198
11517
441956
294300
14937
10081
277409
440747
17356
332316
492032
938363
2073
446971
240586
349775
420554
4877
444773
401441
7878
311845
415368
4901
307224
510364
517425
486435
388302
561505
196215
488178
324420
232704
1189
192539
15513
333932
281290
10215
533630
483462
8432
422367
2788
7535
15351
482024
3368
4995
465748
15732
14209
2194
270228
256243
9138
6131
514036
20929
1301
196957
5254
732
449882
12312
2282
262383
279477
445359
242999
425675
421198
3583
7474
426167
427158
13870

368013
283597
6741
685132
22420
472680
2391
423378
307736
501832
236727
306175
483150
2600
500235
301385
382802
209586
4715
508409
4525
437433
247859
1198
535436
282520
12168
10095
1460
214841
1079
407021
466946
980410
6376
263664
346798
210698
226690
8451
4275
196387
245579
193930
336022
8939
402797
3406
4065
4027
419871
487321
1575
5964
8971
315676
500861
1656
11782
11599
382808
268438
209951
10694
297319
10655
292008
4408
308527
8949
3112
9019
218142
302008
298503
470587
514366
1941
389808
469678
360601
194372
461236
465639
308045
195117
424315
4044
339009
247653
7863
291942
360623
191593
352787
2755
3338
238032
198629
299247
2494
445335
1979
2824
3842
236636
1734
499783
2728
279980
10971
12990
484256
418456
364017
901053
420493
293726
375536
341482
941
7692
516359
423248
15117
228715
401018
16176
1161
8113
573158
240969
234568
5395
16823
291686
439610
330471
6048
279037
408979
191294
347050
9134
5952
284460
7588
269775
2902
1068
15789
498400
558876
11213
198811
446308
18661
9548
21431
535036
238
4534
480498
263136
800
3647
386213
267965
270005
249702
289295
218753
509624
308426
11512
375
420930
6730
16081
356853
302400
14369
235170
381536
509555
470221
424033
9581
244305
297084
336963
306
231990
274563
15821
18471
471003
346080
234796
946

336323
348569
297066
8207
4996
423383
298418
304818
6097
1593
323359
8439
380950
326567
368382
423255
197007
331067
482872
191780
296207
421335
462989
159
424457
7811
490455
4368
404871
424218
296737
19627
217248
264222
410577
525098
435501
13857
401724
247018
459385
249927
239182
2883
488848
190968
12778
324915
439699
453
451344
4413
19252
269091
14976
410926
285061
301551
6801
7910
15478
2864
13796
242191
483365
222340
9227
453804
11161
18846
674
11778
421222
508096
858311
229621
14464
415872
427349
1338
404330
492872
1047658
17195
308032
405979
510007
416704
430244
434985
402865
212364
6815
4473
11448
18203
248101
243348
13165
4894
10799
318213
402105
1114
2460
191637
460229
276506
213310
4215
487070
3036
17979
403537
9082
283780
401137
416401
281129
260299
392444
445796
404803
309819
240835
314724
13901
3734
15997
6196
368757
318908
168
6112
9412
17507
222389
6473
14396
386723
387008
20771
11245
836420
231317
193551
7212
394023
377731
189
453821
210657
3304
535389
357897
502524
422713
11770
355110
432891
454083
310953
2172
8433
333517
10956
4134
315267
335969
213559
653988
278270
365209
271878
212111
405451
293760
279606
444025
291140
367880
335897
419991
457675
275000
328068
18272
643
432563
430977
632356
16851
261625
333868
307705
16617
246905
400242
381797
10695
813129
322604
888817
309639
5309
18850
443198
241131
315697
7992
461134
265323
421747
12915
434268
417204
9318
535199
17425
371824
433779
511280
460847
347767
470430
430312
247522
405729
299923
516971
546689
196250
368056
420348
528914
361272
378285
306043
505483
5925
347364
443055
14515
14455
8405
14537
17542
3967
6377
987581
